2
3
1000001
1000003
1000004
1000005
1000006
1000007
1000008
1000009
1000010
1000011
1000012
1000101
1000102
1000103
1000104
1000105
1000106
1000107
108775015
108775044
108775051
110065001
110065002
110065011
111565001
111565003
111586001
111593001
111609001
112679048
112679052
114428026
114428030
116379047
118458003
118458004
118458028
118458029
118458034
118458038
118458039
120129001
120129014
120129018
120129025
123173001
126589006
126589007
126589010
126589011
126589012
129085001
129085026
145872037
145872043
145872051
145872052
145872053
146706001
146706004
146706005
146721001
146721002
146730001
147339034
148033001
148033006
150959011
150959013
153115019
153115020
153115021
153115039
153115040
153115043
156224001
156224002
156227001
156227002
156231001
156231002
156289011
156610001
156610007
156610010
158340001
160442007
160442010
160442042
160442043
162074062
162074069
162074071
163734002
163734054
164912035
164912039
174057022
174057026
174057027
174057028
174057029
174057030
174057032
174057033
174057035
174057036
174057037
174057038
174057039
174057040
176209023
176209025
176209033
176209035
176209039
176209040
176209044
176209046
176550016
176550017
176550018
176550020
176550021
176754001
176754003
176754019
179123001
179123040
179208001
179208008
179393001
179393018
179950001
179950002
179950017
181160009
181448022
181448102
181448103
181448104
181448105
181448106
181448109
182909001
183815013
184121021
184123020
184583014
186262001
186262006
186262007
186262013
186264014
186264015
186264016
186266004
186267001
186372011
186372042
186372045
186595001
187949016
187949019
187949020
187949025
187949026
187949028
187949029
187949030
187949031
187949032
188183001
188183008
188183009
188183010
188183012
188183014
188183015
188183016
188183018
188183020
188183021
188183022
188183023
189383001
189383014
189616001
189616006
189616007
189616008
189616009
189616014
189616015
189616016
189616028
189616032
189616038
189626001
189634001
189634031
189654001
189654045
189654046
189654047
189691033
189691044
189691051
189691063
189691067
189691075
189955076
190021001
190021003
190021021
190252020
192460006
192960023
194037001
194037002
194242047
194242048
194242049
194242050
194270002
194270044
194270045
194270046
194902033
198518010
198518017
198518020
198518023
198518031
198714001
198714006
199119038
200182001
200182002
200761022
200761028
200761029
201219001
201219003
201219011
201219012
201219013
201219014
201219016
201219017
202017055
203027045
203027047
203027048
203595034
203595036
203595040
203595048
203595058
204892024
204892029
204892032
205225001
211143021
211143022
211143023
211143036
211143037
211143040
212042036
212042043
212042066
212042070
212629004
212629031
212629032
212629033
212629035
212629036
212629040
212629043
212629047
212629048
212629049
212629050
212629051
212766041
212766042
212766043
212766045
212766046
213690001
213691001
213691073
213691075
213691080
213691083
214844001
214844002
214844003
214844004
214844008
215248002
215303001
215303002
215303005
215324023
215337001
215337003
215337038
215337039
215337059
215337066
215337067
215589001
215589002
216081011
216961011
217207045
217207046
217207047
217207048
217207055
217727002
217727003
217727018
218354001
218354020
218354021
218354045
218354047
218829002
218829014
218829015
219075014
219075017
219075021
219075023
219075028
220094001
220094010
220094011
220094015
220094016
220094018
220094019
220094020
220094021
220365001
220365002
220365004
220365007
224314007
224314011
224314013
224314016
224314017
224314018
224337001
224337008
224521001
224521007
224606019
224606022
224606025
224606031
225286014
225784001
225784023
225784037
225784039
225784040
225784043
225784044
225784045
226011008
226959007
226959008
226959009
228257001
228257002
228257003
228257004
228257005
228257008
233091003
233091015
233091016
233091019
233091020
233091021
233091022
233672016
234187001
234187030
234421001
234421002
234421004
