1790388656 0.0 0.0 
1790388657 0.09872226221784719 0.10287836968384381 
1790388659 0.14315812828661278 0.13290058305006863 
1790388660 0.1167290627732457 0.12619451754845756 
1790388661 0.11219257666520531 0.11150290660583419 
1790388662 0.10713588223752356 0.08450405641742763 
1790388663 0.0986634259529437 0.09011441495437429 
1790388664 0.07036841980558015 0.0890918351079606 
1790388665 0.08101674397057121 0.06211495872760218 
1790388666 0.06003481851263918 0.05657512620140318 
1790388667 0.19730171635049684 0.19162568780641348 
1790388668 0.24690754800143327 0.24238636275043743 
1790388670 0.22265572057994815 0.228616174089277 
1790388671 0.2019616281534874 0.24567085112066575 
1790388672 0.1991272539000723 0.19381886440783475 
1790388673 0.21396598752502574 0.20830279714487387 
1790388674 0.2287052122046714 0.19008071690333705 
1790388675 0.23589471028244985 0.19828504261720442 
1790388677 0.2522764771025613 0.22495334431184197 
1790388678 0.22528058110933752 0.2110917555073252 
1790388679 0.20652559637690832 0.20808976480559352 
1790388680 0.18607913999290962 0.21844530704385348 
1790388681 0.1733533487526601 0.20709926688902022 
