1790388712 0.0 0.0 
1790388714 0.11809487851641874 0.11049015774851463 
1790388715 0.1442152900019119 0.12850095050591637 
1790388716 0.12306533267786045 0.12307605851338159 
1790388717 0.10257214649518821 0.12218033486238115 
1790388718 0.08999990859148621 0.08396292782531477 
1790388719 0.08860256906473905 0.0747846358751842 
1790388720 0.08947205880786883 0.07404390804029198 
1790388721 0.055334016842347455 0.05756885826985679 
1790388722 0.05943445104525055 0.06443468028987027 
1790388724 0.15886072492332443 0.1458630192086334 
1790388725 0.1832428664881888 0.16198242004174135 
1790388726 0.18745324117216375 0.1632371065495451 
1790388727 0.17742514793015446 0.13742166280925355 
1790388728 0.13971432450403667 0.14578132175510375 
1790388729 0.16300866449120383 0.13715167283245264 
1790388730 0.14303215008591763 0.10997333867301495 
1790388731 0.13306588082813955 0.09843729770681217 
1790388732 0.13542302569509962 0.11636510974183405 
1790388733 0.12111268012204289 0.10865290273484066 
1790388734 0.11347980617706561 0.07718784022478066 
1790388735 0.1418668214536466 0.09920678882921354 
1790388737 0.09668836765516774 0.1354169848174796 
1790388738 0.11545531563092232 0.07996094861014934 
