1790388768 0.0 0.0 
1790388769 0.11060194876695346 0.11701096562501391 
1790388770 0.1316367573464042 0.13273531912309466 
1790388772 0.11213397888292148 0.12042280105700265 
1790388773 0.1306448906581447 0.10656244676044237 
1790388774 0.09851304330521227 0.08227565476906445 
1790388775 0.08401947480378494 0.0907251289672294 
1790388776 0.08050864016608658 0.07902655788712898 
1790388777 0.052046665880332174 0.07386201039233026 
1790388778 0.10016000029561256 0.1180946665863465 
1790388779 0.1579326650124553 0.15597126329539093 
1790388780 0.13641455084478976 0.1358862449496546 
1790388781 0.14312575300169955 0.13240961445705257 
1790388782 0.1271185576596179 0.10916609600761804 
1790388784 0.11793683565528555 0.08814951363778566 
1790388785 0.1057434739822203 0.101857669411801 
1790388786 0.08096557952234268 0.09124414872089606 
1790388787 0.10567714007694763 0.10194870138503916 
1790388788 0.07171495136894013 0.07892304236643859 
1790388789 0.08581224583238588 0.08371303449674884 
1790388790 0.10507368697127296 0.0839097727119904 
1790388791 0.09426041698489979 0.0725243402362918 
1790388792 0.06430651021073994 0.09366590421879603 
